P1 0.3 0.5 0.4 22 2 4 1
P2 0.4 0.4 0.2 2 4 5 1
P3 0.5 0.3 0.1 15 7 3 1
P4 0.5 0.5 0.2 16 9 1 1
P5 0.1 0.4 0.4 23 6 3 1
P6 0.5 0.4 0.1 12 2 1 1
P7 0.3 0.5 0.2 6 9 1 1
P8 0.3 0.4 0.3 30 5 5 1
P9 0.3 0.2 0.3 16 2 3 1
P10 0.4 0.5 0.1 29 7 5 1
P11 0.2 0.1 0.3 24 3 5 1
P12 0.4 0.2 0.5 3 2 1 1
P13 0.2 0.5 0.3 30 2 5 1
P14 0.4 0.2 0.5 7 5 2 1
P15 0.5 0.4 0.4 29 1 3 1
P16 0.2 0.2 0.5 12 10 4 1
P17 0.5 0.4 0.1 3 6 2 1
P18 0.1 0.5 0.2 3 4 2 1
P19 0.4 0.5 0.1 24 3 4 1
P20 0.5 0.1 0.5 7 4 1 1
P21 0.1 0.3 0.4 28 2 5 1
P22 0.3 0.3 0.5 25 8 2 1
P23 0.5 0.1 0.2 20 6 3 1
P24 0.4 0.1 0.3 25 3 1 1
P25 0.3 0.2 0.3 24 8 3 1
P26 0.1 0.1 0.2 8 6 3 1
P27 0.2 0.5 0.3 8 1 4 1
P28 0.2 0.2 0.4 15 9 2 1
P29 0.2 0.4 0.4 15 2 4 1
P30 0.5 0.2 0.4 16 8 5 1
